3.906250 0.01100000 0.84423544
4.394531 0.01100000 5.32458320
4.882812 0.01100000 4.79893746
5.371094 0.01100000 1.60264595
5.859375 0.01100000 3.11291046
6.835938 0.01100000 2.82423565
7.812500 0.01100000 4.09407939
8.300781 0.01100000 4.95569497
9.765625 0.01100000 0.58973718
10.742188 0.01100000 0.17811245
11.718750 0.01100000 5.25126702
13.183594 0.01100000 2.71915568
14.648438 0.01100000 4.78954701
16.601562 0.01100000 0.01323272
18.554688 0.01100000 2.79845027
20.996094 0.01100000 4.53356973
23.437500 0.01100000 1.43735543
25.878906 0.01100000 5.93931095
28.808594 0.01100000 5.66383576
32.226562 0.01100000 0.19220253
36.132812 0.01100000 0.15988106
40.527344 0.01100000 3.40179489
45.410156 0.01100000 5.90084822
50.781250 0.01100000 2.39517687
56.640625 0.01100000 1.36093415
63.476562 0.01100000 2.65223667
70.800781 0.01100000 0.18246865
79.101562 0.01100000 1.39292982
88.378906 0.01100000 2.75132889
98.632812 0.01100000 3.11528019
110.351562 0.01100000 1.46451279
123.535156 0.01100000 1.45057726
138.183594 0.01100000 1.37464180
154.296875 0.01100000 2.88777374
172.363281 0.01100000 1.82075158
192.871094 0.01100000 0.13502380
215.820312 0.01100000 5.26265763
241.210938 0.01100000 3.49630562
269.531250 0.01100000 4.03565450
301.269531 0.01100000 1.16808352
336.425781 0.01100000 6.23633418
376.464844 0.01100000 5.40320339
420.410156 0.01100000 0.75957402
470.214844 0.01100000 2.09038550
